00100000000000100000000011111111 
00100000000000010000000000000001
00000000001000100001100000100000
00000000001000110010000000100100
00110000100001011111111111111111
10101100001001010000000000010000
10001100001001100000000000010000
00000000100000010011100000100111
00000000101000100100000000100101
00110100110010010000111100001111
00000000010000010101000000101010
00101000101010110000000000001100
10100100001001000000000000000100
00000000101010010110000000100010
00001000000000000000000000000001
00000000010000010001100000011000
